TAV_Trace:   Cycle_Trace:  
8583273  8583273
8379150  8379150
8958317  8958317
8261110  8261110
8394300  8394300
8247844  8247844
8785006  8785006
7811170  7811170
8366213  8366213
8421159  8421159
8376187  8376187
8336139  8336139
8227489  8227489
8270967  8270967
8443252  8443252
8529837  8529837
8405322  8405322
8404369  8404369
8449594  8449594
8408834  8408834
8400936  8400936
8440065  8440065
8438090  8438090
8432325  8432325
8411985  8411985
8418924  8418924
8379079  8379079
8316033  8316033
8266533  8266533
8390366  8390366
8324348  8324348
8286931  8286931
8281912  8281912
8306011  8306011
8455907  8455907
8318658  8318658
8354284  8354284
8293306  8293306
8419990  8419990
8218426  8218426
8351223  8351223
8499361  8499361
7855951  7855951
8422654  8422654
8350110  8350110
8397826  8397826
8409109  8409109
8191956  8191956
8402442  8402442
8222091  8222091
8360455  8360455
8377052  8377052
8526467  8526467
10370796  10370796
8326057  8326057
8452349  8452349
8427047  8427047
8326700  8326700
8400204  8400204
8327505  8327505
8186476  8186476
9539413  9539413
8265559  8265559
8274884  8274884
8384398  8384398
8330004  8330004
8242988  8242988
8423582  8423582
8128883  8128883
8324376  8324376
8361061  8361061
8151901  8151901
8355251  8355251
8285149  8285149
8408099  8408099
8363747  8363747
8195333  8195333
8281571  8281571
8169461  8169461
8259534  8259534
8316637  8316637
8228097  8228097
8453496  8453496
8361923  8361923
8317588  8317588
8357930  8357930
8341495  8341495
8381440  8381440
8217707  8217707
8887246  8887246
8269185  8269185
8365859  8365859
7746874  7746874
8252495  8252495
8306799  8306799
8309959  8309959
8376584  8376584
8379853  8379853
8231621  8231621
8459732  8459732
Overall dynamic TAV:   Overall Cycle:   
837705186   837705186
Average dynamic TAV:   Average Cycle:   
8377051.86   8377051.86
