TAV_Trace:   Cycle_Trace:  
197914  197914
277973  277973
310052  310052
228370  228370
221126  221126
254950  254950
267175  267175
213295  213295
293503  293503
264237  264237
178012  178012
233196  233196
349644  349644
227169  227169
305756  305756
229605  229605
237855  237855
248475  248475
199912  199912
242634  242634
260151  260151
323558  323558
284888  284888
248000  248000
158832  158832
287341  287341
187609  187609
353084  353084
200459  200459
190072  190072
221643  221643
326666  326666
236449  236449
216441  216441
263275  263275
265749  265749
267677  267677
231948  231948
298999  298999
232985  232985
201538  201538
207065  207065
226968  226968
249788  249788
310807  310807
301783  301783
292514  292514
205081  205081
230403  230403
241231  241231
231053  231053
290184  290184
233678  233678
279856  279856
282370  282370
267551  267551
203211  203211
264163  264163
320739  320739
252104  252104
274535  274535
174657  174657
242401  242401
236703  236703
234103  234103
304271  304271
228705  228705
208044  208044
180599  180599
220435  220435
178575  178575
242689  242689
265507  265507
271000  271000
228396  228396
306414  306414
317279  317279
210232  210232
217136  217136
326170  326170
193499  193499
390648  390648
254969  254969
202050  202050
241955  241955
329940  329940
288664  288664
279039  279039
214285  214285
254595  254595
217767  217767
252647  252647
281937  281937
204015  204015
247245  247245
223169  223169
246232  246232
329847  329847
242839  242839
258040  258040
Overall dynamic TAV:   Overall Cycle:   
25149999   25149999
Average dynamic TAV:   Average Cycle:   
251499.99   251499.99
