TAV_Trace:   Cycle_Trace:  
7967  7967
7844  7844
9609  9609
9117  9117
7358  7358
8541  8541
8125  8125
8279  8279
8096  8096
8556  8556
8040  8040
9045  9045
7804  7804
8485  8485
8542  8542
8145  8145
8507  8507
6958  6958
8610  8610
8526  8526
8574  8574
8835  8835
9654  9654
8040  8040
7505  7505
8554  8554
7463  7463
8342  8342
7801  7801
8654  8654
7755  7755
9279  9279
8153  8153
7719  7719
8839  8839
9113  9113
8276  8276
8338  8338
8530  8530
8620  8620
9125  9125
7894  7894
8210  8210
7910  7910
8246  8246
9058  9058
8448  8448
8780  8780
8794  8794
8108  8108
8038  8038
7721  7721
8005  8005
8363  8363
8510  8510
9381  9381
8465  8465
8302  8302
8120  8120
7908  7908
8637  8637
7045  7045
8072  8072
8741  8741
7931  7931
8998  8998
6365  6365
10253  10253
9026  9026
8009  8009
8194  8194
8192  8192
8650  8650
6113  6113
8932  8932
9809  9809
3902  3902
4217  4217
7982  7982
8626  8626
8636  8636
9193  9193
9395  9395
8846  8846
8862  8862
8436  8436
7208  7208
9072  9072
7824  7824
8442  8442
7851  7851
7809  7809
7651  7651
8665  8665
8609  8609
7703  7703
8769  8769
8161  8161
8043  8043
8149  8149
Overall dynamic TAV:   Overall Cycle:   
826602   826602
Average dynamic TAV:   Average Cycle:   
8266.02   8266.02
