TAV_Trace:   Cycle_Trace:  
0  0
0  0
0  0
0  0
0  0
0  0
0  0
0  0
0  0
0  0
0  0
0  0
0  0
0  0
0  0
0  0
0  0
0  0
0  0
0  0
0  0
0  0
0  0
0  0
0  0
0  0
0  0
0  0
0  0
0  0
0  0
0  0
0  0
0  0
0  0
0  0
0  0
0  0
0  0
0  0
0  0
0  0
0  0
0  0
0  0
0  0
0  0
0  0
0  0
0  0
0  0
0  0
0  0
0  0
0  0
0  0
0  0
0  0
0  0
0  0
0  0
0  0
0  0
0  0
0  0
0  0
0  0
0  0
0  0
0  0
0  0
0  0
0  0
0  0
0  0
0  0
0  0
0  0
0  0
0  0
0  0
0  0
0  0
0  0
0  0
0  0
0  0
0  0
0  0
0  0
0  0
0  0
0  0
0  0
0  0
0  0
0  0
0  0
0  0
0  0
Overall dynamic TAV:   Overall Cycle:   
0   0
Average dynamic TAV:   Average Cycle:   
0.0   0.0
