TAV_Trace:   Cycle_Trace:  
98  98
94  94
126  126
111  111
109  109
108  108
81  81
87  87
135  135
123  123
149  149
166  166
130  130
98  98
126  126
62  62
119  119
66  66
121  121
126  126
102  102
102  102
106  106
140  140
131  131
160  160
52  52
144  144
100  100
142  142
127  127
130  130
104  104
159  159
141  141
133  133
111  111
75  75
124  124
110  110
92  92
78  78
84  84
120  120
138  138
115  115
106  106
101  101
70  70
114  114
119  119
111  111
93  93
63  63
82  82
141  141
126  126
109  109
106  106
85  85
81  81
118  118
88  88
99  99
134  134
76  76
78  78
72  72
115  115
119  119
106  106
123  123
107  107
124  124
114  114
146  146
85  85
74  74
97  97
97  97
108  108
163  163
77  77
121  121
102  102
139  139
103  103
97  97
72  72
81  81
91  91
47  47
101  101
127  127
102  102
108  108
81  81
133  133
124  124
135  135
Overall dynamic TAV:   Overall Cycle:   
10846   10846
Average dynamic TAV:   Average Cycle:   
108.46   108.46
