TAV_Trace:   Cycle_Trace:  
661366  661366
552956  552956
625279  625279
686158  686158
598517  598517
736131  736131
688878  688878
714308  714308
564132  564132
522516  522516
691771  691771
693634  693634
552521  552521
623634  623634
655061  655061
730426  730426
698583  698583
579342  579342
635599  635599
534861  534861
631192  631192
701529  701529
567330  567330
708130  708130
747881  747881
633392  633392
704808  704808
535059  535059
574389  574389
660340  660340
735976  735976
808333  808333
667407  667407
715294  715294
603721  603721
601734  601734
581499  581499
612671  612671
600748  600748
604682  604682
675621  675621
479965  479965
594603  594603
679029  679029
535820  535820
661017  661017
653035  653035
655796  655796
703834  703834
574595  574595
640394  640394
662464  662464
659207  659207
632361  632361
718199  718199
758175  758175
609357  609357
690247  690247
592544  592544
577074  577074
710037  710037
626070  626070
670200  670200
754203  754203
589786  589786
651308  651308
481636  481636
652360  652360
637765  637765
694905  694905
717046  717046
658482  658482
696276  696276
665386  665386
695125  695125
513107  513107
653101  653101
424482  424482
624832  624832
532793  532793
697625  697625
638377  638377
637761  637761
758199  758199
786827  786827
575235  575235
666724  666724
616208  616208
497370  497370
659068  659068
569021  569021
674162  674162
721730  721730
602387  602387
736102  736102
713256  713256
687617  687617
579386  579386
689960  689960
681457  681457
Overall dynamic TAV:   Overall Cycle:   
64332497   64332497
Average dynamic TAV:   Average Cycle:   
643324.97   643324.97
