TAV_Trace:   Cycle_Trace:  
67  67
45  45
74  74
24  24
42  42
38  38
48  48
49  49
58  58
46  46
61  61
84  84
49  49
86  86
52  52
83  83
61  61
51  51
78  78
56  56
65  65
51  51
53  53
54  54
51  51
24  24
55  55
62  62
52  52
59  59
77  77
63  63
54  54
52  52
49  49
38  38
47  47
76  76
47  47
47  47
63  63
68  68
50  50
65  65
98  98
41  41
56  56
87  87
58  58
85  85
95  95
78  78
45  45
70  70
76  76
128  128
62  62
44  44
35  35
70  70
41  41
247  247
40  40
53  53
76  76
53  53
52  52
42  42
74  74
43  43
59  59
63  63
66  66
27  27
46  46
42  42
35  35
60  60
71  71
41  41
48  48
52  52
59  59
79  79
67  67
75  75
52  52
85  85
36  36
77  77
34  34
56  56
80  80
40  40
39  39
75  75
275  275
58  58
65  65
81  81
Overall dynamic TAV:   Overall Cycle:   
6266   6266
Average dynamic TAV:   Average Cycle:   
62.66   62.66
