TAV_Trace:   Cycle_Trace:  
295439  295439
293324  293324
284728  284728
265063  265063
284114  284114
299751  299751
280813  280813
304578  304578
302512  302512
274155  274155
289940  289940
300817  300817
272986  272986
278088  278088
291828  291828
306117  306117
296201  296201
300983  300983
315951  315951
286896  286896
290255  290255
293630  293630
274328  274328
279128  279128
281259  281259
280296  280296
285638  285638
296982  296982
292637  292637
254178  254178
290978  290978
304943  304943
295139  295139
278427  278427
286490  286490
296158  296158
294747  294747
285436  285436
303136  303136
293689  293689
296115  296115
313014  313014
272100  272100
272725  272725
295516  295516
283461  283461
298802  298802
283641  283641
313046  313046
289209  289209
285989  285989
293783  293783
296993  296993
304138  304138
263295  263295
306374  306374
292021  292021
308004  308004
283418  283418
285347  285347
291341  291341
287010  287010
287591  287591
277544  277544
304912  304912
280636  280636
296372  296372
317613  317613
274458  274458
285093  285093
295626  295626
275236  275236
278030  278030
290644  290644
284709  284709
278458  278458
244694  244694
249771  249771
289995  289995
276020  276020
298736  298736
289845  289845
277189  277189
293197  293197
284332  284332
287666  287666
298894  298894
304071  304071
278524  278524
299502  299502
283979  283979
291835  291835
300251  300251
273612  273612
295193  295193
281859  281859
295858  295858
284294  284294
293164  293164
265938  265938
Overall dynamic TAV:   Overall Cycle:   
28862441   28862441
Average dynamic TAV:   Average Cycle:   
288624.41   288624.41
