TAV_Trace:   Cycle_Trace:  
1017947  1017947
1040833  1040833
1038321  1038321
1009797  1009797
1042951  1042951
1038241  1038241
1053833  1053833
982043  982043
1026347  1026347
1045335  1045335
1037936  1037936
1033814  1033814
1039037  1039037
1026158  1026158
1045787  1045787
1035528  1035528
1028217  1028217
1031338  1031338
1013362  1013362
1028746  1028746
1021182  1021182
1007858  1007858
1012129  1012129
1014201  1014201
1033958  1033958
1067049  1067049
1037186  1037186
1029398  1029398
1054326  1054326
1011785  1011785
1033811  1033811
1043767  1043767
1039947  1039947
1044507  1044507
1024598  1024598
1026838  1026838
1008326  1008326
1044912  1044912
1029800  1029800
1029979  1029979
1033577  1033577
1042675  1042675
1041813  1041813
803916  803916
1028546  1028546
1044755  1044755
1029010  1029010
1028426  1028426
1027809  1027809
1042961  1042961
1019651  1019651
1058828  1058828
1032754  1032754
1026618  1026618
1002784  1002784
1042778  1042778
1023910  1023910
1016590  1016590
1032622  1032622
1049955  1049955
1046470  1046470
1022245  1022245
1006916  1006916
1043329  1043329
1043063  1043063
1031815  1031815
1023572  1023572
1009018  1009018
1046104  1046104
1020718  1020718
1031957  1031957
1024249  1024249
1009348  1009348
1031409  1031409
997471  997471
991410  991410
830988  830988
839274  839274
1004177  1004177
1012972  1012972
1030237  1030237
1028779  1028779
1043444  1043444
1039833  1039833
1035205  1035205
1031753  1031753
1040057  1040057
1026823  1026823
1033560  1033560
1045714  1045714
1032019  1032019
1026706  1026706
1037044  1037044
1035695  1035695
1037127  1037127
997240  997240
1015603  1015603
1038541  1038541
1044999  1044999
1056256  1056256
Overall dynamic TAV:   Overall Cycle:   
102404246   102404246
Average dynamic TAV:   Average Cycle:   
1024042.46   1024042.46
